1634960701382 1.386842131614685 0
1634960701413 1.3598331212997437 1
1634960701441 1.142301321029663 2
1634960701472 1.3298799991607666 3
1634960701501 1.7866103649139404 4
1634960701529 1.757970929145813 5
1634960701558 1.4513568878173828 6
1634960701586 1.4121856689453125 7
1634960701616 1.3721699714660645 8
1634960701645 1.3870505094528198 9
1634960701674 1.4144401550292969 10
1634960701704 1.3745261430740356 11
1634960701733 1.3877496719360352 12
1634960701763 1.382641077041626 13
1634960701791 1.386151671409607 14
1634960701819 1.386294960975647 15
1634960701847 1.386294960975647 16
1634960701877 1.386294960975647 17
1634960701906 1.386294960975647 18
1634960701934 1.386294960975647 19
1634960701963 1.386294960975647 20
1634960701994 1.386294960975647 21
1634960702022 1.386294960975647 22
1634960702051 1.386294960975647 23
1634960702080 1.386294960975647 24
1634960702109 1.386294960975647 25
1634960702137 1.386294960975647 26
1634960702167 1.386294960975647 27
1634960702196 1.386294960975647 28
1634960702226 1.386294960975647 29
1634960702255 1.386294960975647 30
1634960702284 1.386294960975647 31
1634960702312 1.386294960975647 32
1634960702341 1.386294960975647 33
1634960702370 1.386294960975647 34
1634960702398 1.386294960975647 35
1634960702427 1.386294960975647 36
1634960702456 1.386294960975647 37
1634960702486 1.386294960975647 38
1634960702515 1.386294960975647 39
1634960702545 1.386294960975647 40
1634960702574 1.386294960975647 41
1634960702603 1.386294960975647 42
1634960702631 1.386294960975647 43
1634960702661 1.386294960975647 44
1634960702690 1.386294960975647 45
1634960702719 1.386294960975647 46
1634960702747 1.386294960975647 47
1634960702778 1.386294960975647 48
1634960702807 1.386294960975647 49
1634960702836 1.386294960975647 50
1634960702865 1.386294960975647 51
1634960702895 1.386294960975647 52
1634960702924 1.386294960975647 53
1634960702952 1.386294960975647 54
1634960702979 1.386294960975647 55
1634960703007 1.386294960975647 56
1634960703035 1.386294960975647 57
1634960703065 1.386294960975647 58
1634960703092 1.386294960975647 59
1634960703121 1.386294960975647 60
1634960703151 1.386294960975647 61
1634960703181 1.386294960975647 62
1634960703211 1.386294960975647 63
1634960703241 1.386294960975647 64
1634960703269 1.386294960975647 65
1634960703297 1.386294960975647 66
1634960703326 1.386294960975647 67
1634960703355 1.386294960975647 68
1634960703384 1.386294960975647 69
1634960703412 1.386294960975647 70
1634960703440 1.386294960975647 71
1634960703468 1.386294960975647 72
1634960703495 1.386294960975647 73
1634960703524 1.386294960975647 74
1634960703553 1.386294960975647 75
1634960703580 1.386294960975647 76
1634960703609 1.386294960975647 77
1634960703637 1.386294960975647 78
1634960703664 1.386294960975647 79
1634960703695 1.386294960975647 80
1634960703725 1.386294960975647 81
1634960703755 1.386294960975647 82
1634960703785 1.386294960975647 83
1634960703814 1.386294960975647 84
1634960703845 1.386294960975647 85
1634960703874 1.386294960975647 86
1634960703901 1.386294960975647 87
1634960703929 1.386294960975647 88
1634960703957 1.386294960975647 89
1634960703985 1.386294960975647 90
1634960704014 1.386294960975647 91
1634960704043 1.386294960975647 92
1634960704072 1.386294960975647 93
1634960704100 1.386294960975647 94
1634960704129 1.386294960975647 95
1634960704158 1.386294960975647 96
1634960704187 1.386294960975647 97
1634960704215 1.386294960975647 98
1634960704244 1.386294960975647 99
1634960704272 1.386294960975647 100
1634960704300 1.386294960975647 101
1634960704328 1.386294960975647 102
1634960704357 1.386294960975647 103
1634960704385 1.386294960975647 104
1634960704413 1.386294960975647 105
1634960704440 1.386294960975647 106
1634960704468 1.386294960975647 107
1634960704496 1.386294960975647 108
1634960704525 1.386294960975647 109
1634960704554 1.386294960975647 110
1634960704581 1.386294960975647 111
1634960704610 1.386294960975647 112
1634960704639 1.386294960975647 113
1634960704667 1.386294960975647 114
1634960704696 1.386294960975647 115
1634960704725 1.386294960975647 116
1634960704754 1.386294960975647 117
1634960704782 1.386294960975647 118
1634960704810 1.386294960975647 119
1634960704837 1.386294960975647 120
1634960704865 1.386294960975647 121
1634960704895 1.386294960975647 122
1634960704924 1.386294960975647 123
1634960704953 1.386294960975647 124
1634960704982 1.386294960975647 125
1634960705010 1.386294960975647 126
1634960705039 1.386294960975647 127
1634960705068 1.386294960975647 128
1634960705097 1.386294960975647 129
1634960705125 1.386294960975647 130
1634960705153 1.386294960975647 131
1634960705181 1.386294960975647 132
1634960705210 1.386294960975647 133
1634960705238 1.386294960975647 134
1634960705267 1.386294960975647 135
1634960705296 1.386294960975647 136
1634960705324 1.386294960975647 137
1634960705352 1.386294960975647 138
1634960705381 1.386294960975647 139
1634960705410 1.386294960975647 140
1634960705439 1.386294960975647 141
1634960705467 1.386294960975647 142
1634960705495 1.386294960975647 143
1634960705523 1.386294960975647 144
1634960705553 1.386294960975647 145
1634960705581 1.386294960975647 146
1634960705609 1.386294960975647 147
1634960705637 1.386294960975647 148
1634960705664 1.386294960975647 149
1634960705693 1.386294960975647 150
1634960705721 1.386294960975647 151
1634960705749 1.386294960975647 152
1634960705777 1.386294960975647 153
1634960705805 1.386294960975647 154
1634960705833 1.386294960975647 155
1634960705862 1.386294960975647 156
1634960705890 1.386294960975647 157
1634960705918 1.386294960975647 158
1634960705947 1.386294960975647 159
1634960705976 1.386294960975647 160
1634960706003 1.386294960975647 161
1634960706032 1.386294960975647 162
1634960706063 1.386294960975647 163
1634960706092 1.386294960975647 164
1634960706120 1.386294960975647 165
1634960706147 1.386294960975647 166
1634960706176 1.386294960975647 167
1634960706205 1.386294960975647 168
1634960706235 1.386294960975647 169
1634960706264 1.386294960975647 170
1634960706292 1.386294960975647 171
1634960706321 1.386294960975647 172
1634960706349 1.386294960975647 173
1634960706378 1.386294960975647 174
1634960706407 1.386294960975647 175
1634960706435 1.386294960975647 176
1634960706463 1.386294960975647 177
1634960706491 1.386294960975647 178
1634960706520 1.386294960975647 179
1634960706548 1.386294960975647 180
1634960706577 1.386294960975647 181
1634960706604 1.386294960975647 182
1634960706632 1.386294960975647 183
1634960706661 1.386294960975647 184
1634960706691 1.386294960975647 185
1634960706718 1.386294960975647 186
1634960706748 1.386294960975647 187
1634960706776 1.386294960975647 188
1634960706804 1.386294960975647 189
1634960706831 1.386294960975647 190
1634960706860 1.386294960975647 191
1634960706888 1.386294960975647 192
1634960706916 1.386294960975647 193
1634960706944 1.386294960975647 194
1634960706973 1.386294960975647 195
1634960707001 1.386294960975647 196
1634960707029 1.386294960975647 197
1634960707057 1.386294960975647 198
1634960707086 1.386294960975647 199
1634960707113 1.386294960975647 200
1634960707142 1.386294960975647 201
1634960707169 1.386294960975647 202
1634960707197 1.386294960975647 203
1634960707225 1.386294960975647 204
1634960707256 1.386294960975647 205
1634960707285 1.386294960975647 206
1634960707314 1.386294960975647 207
1634960707342 1.386294960975647 208
1634960707370 1.386294960975647 209
1634960707399 1.386294960975647 210
1634960707427 1.386294960975647 211
1634960707454 1.386294960975647 212
1634960707482 1.386294960975647 213
1634960707511 1.386294960975647 214
1634960707539 1.386294960975647 215
1634960707568 1.386294960975647 216
1634960707596 1.386294960975647 217
1634960707625 1.386294960975647 218
1634960707653 1.386294960975647 219
1634960707682 1.386294960975647 220
1634960707710 1.386294960975647 221
1634960707738 1.386294960975647 222
1634960707768 1.386294960975647 223
1634960707798 1.386294960975647 224
1634960707826 1.386294960975647 225
1634960707854 1.386294960975647 226
1634960707883 1.386294960975647 227
1634960707912 1.386294960975647 228
1634960707940 1.386294960975647 229
1634960707968 1.386294960975647 230
1634960707996 1.386294960975647 231
1634960708023 1.386294960975647 232
1634960708052 1.386294960975647 233
1634960708081 1.386294960975647 234
1634960708109 1.386294960975647 235
1634960708138 1.386294960975647 236
1634960708167 1.386294960975647 237
1634960708195 1.386294960975647 238
1634960708224 1.386294960975647 239
1634960708253 1.386294960975647 240
1634960708281 1.386294960975647 241
1634960708310 1.386294960975647 242
1634960708339 1.386294960975647 243
1634960708369 1.386294960975647 244
1634960708398 1.386294960975647 245
1634960708427 1.386294960975647 246
1634960708456 1.386294960975647 247
1634960708484 1.386294960975647 248
1634960708512 1.386294960975647 249
1634960708541 1.386294960975647 250
1634960708570 1.386294960975647 251
1634960708599 1.386294960975647 252
1634960708627 1.386294960975647 253
1634960708657 1.386294960975647 254
1634960708684 1.386294960975647 255
1634960708712 1.386294960975647 256
1634960708741 1.386294960975647 257
1634960708770 1.386294960975647 258
1634960708799 1.386294960975647 259
1634960708828 1.386294960975647 260
1634960708857 1.386294960975647 261
1634960708885 1.386294960975647 262
1634960708914 1.386294960975647 263
1634960708942 1.386294960975647 264
1634960708970 1.386294960975647 265
1634960708999 1.386294960975647 266
1634960709027 1.386294960975647 267
1634960709055 1.386294960975647 268
1634960709084 1.386294960975647 269
1634960709112 1.386294960975647 270
1634960709140 1.386294960975647 271
1634960709169 1.386294960975647 272
1634960709197 1.386294960975647 273
1634960709225 1.386294960975647 274
1634960709254 1.386294960975647 275
1634960709284 1.386294960975647 276
1634960709312 1.386294960975647 277
1634960709340 1.386294960975647 278
1634960709368 1.386294960975647 279
1634960709397 1.386294960975647 280
1634960709425 1.386294960975647 281
1634960709454 1.386294960975647 282
1634960709481 1.386294960975647 283
1634960709510 1.386294960975647 284
1634960709539 1.386294960975647 285
1634960709568 1.386294960975647 286
1634960709596 1.386294960975647 287
1634960709626 1.386294960975647 288
1634960709657 1.386294960975647 289
1634960709685 1.386294960975647 290
1634960709714 1.386294960975647 291
1634960709743 1.386294960975647 292
1634960709771 1.386294960975647 293
1634960709799 1.386294960975647 294
1634960709828 1.386294960975647 295
1634960709856 1.386294960975647 296
1634960709884 1.386294960975647 297
1634960709912 1.386294960975647 298
1634960709940 1.386294960975647 299
1634960709968 1.386294960975647 300
1634960709998 1.386294960975647 301
1634960710026 1.386294960975647 302
1634960710054 1.386294960975647 303
1634960710083 1.386294960975647 304
1634960710111 1.386294960975647 305
1634960710139 1.386294960975647 306
1634960710167 1.386294960975647 307
1634960710195 1.386294960975647 308
1634960710224 1.386294960975647 309
1634960710255 1.386294960975647 310
1634960710283 1.386294960975647 311
1634960710314 1.386294960975647 312
1634960710343 1.386294960975647 313
1634960710371 1.386294960975647 314
1634960710400 1.386294960975647 315
1634960710430 1.386294960975647 316
1634960710460 1.386294960975647 317
1634960710488 1.386294960975647 318
1634960710516 1.386294960975647 319
1634960710545 1.386294960975647 320
1634960710574 1.386294960975647 321
1634960710603 1.386294960975647 322
1634960710632 1.386294960975647 323
1634960710661 1.386294960975647 324
1634960710690 1.386294960975647 325
1634960710719 1.386294960975647 326
1634960710749 1.386294960975647 327
1634960710780 1.386294960975647 328
1634960710809 1.386294960975647 329
1634960710837 1.386294960975647 330
1634960710866 1.386294960975647 331
1634960710895 1.386294960975647 332
1634960710925 1.386294960975647 333
1634960710954 1.386294960975647 334
1634960710984 1.386294960975647 335
1634960711013 1.386294960975647 336
1634960711042 1.386294960975647 337
1634960711070 1.386294960975647 338
1634960711099 1.386294960975647 339
1634960711127 1.386294960975647 340
1634960711155 1.386294960975647 341
1634960711185 1.386294960975647 342
1634960711213 1.386294960975647 343
1634960711244 1.386294960975647 344
1634960711276 1.386294960975647 345
