1634957745546 1.3835687536821804 0
1634957795042 1.3627905209519946 1
1634957844386 1.3281780284140636 2
1634957892760 1.2891370781966691 3
1634957941496 1.2460051753350485 4
1634957990529 1.200231106075177 5
1634958039893 1.1585473949397769 6
1634958090507 1.1189797416949603 7
1634958139669 1.0859597836131092 8
1634958188231 1.0592916805690737 9
1634958236761 1.0376470240991933 10
1634958285378 1.016295315616286 11
1634958333973 1.0021568254956315 12
1634958382865 0.9873097412995875 13
1634958432480 0.9748730630859367 14
