1634958917090 1.3858624696731567 0
1634958917126 1.4085168838500977 1
1634958917157 1.3396414518356323 2
1634958917190 1.3199150562286377 3
1634958917221 1.5211150646209717 4
1634958917252 1.5409836769104004 5
1634958917287 1.45156991481781 6
1634958917338 1.3977264165878296 7
1634958917409 1.3806209564208984 8
1634958917448 1.3916683197021484 9
1634958917482 1.436432123184204 10
1634958917520 1.3793412446975708 11
1634958917598 1.3835123777389526 12
1634958917671 1.3800400495529175 13
1634958917749 1.3851332664489746 14
1634958917847 1.386294960975647 15
1634958917928 1.386294960975647 16
1634958917997 1.386294960975647 17
1634958918077 1.386294960975647 18
1634958918169 1.386294960975647 19
1634958918204 1.386294960975647 20
1634958918241 1.386294960975647 21
1634958918279 1.386294960975647 22
1634958918316 1.386294960975647 23
1634958918352 1.386294960975647 24
1634958918391 1.386294960975647 25
1634958918427 1.386294960975647 26
1634958918463 1.386294960975647 27
1634958918499 1.386294960975647 28
1634958918539 1.386294960975647 29
1634958918578 1.386294960975647 30
1634958918617 1.386294960975647 31
1634958918654 1.386294960975647 32
1634958918691 1.386294960975647 33
1634958918729 1.386294960975647 34
1634958918766 1.386294960975647 35
1634958918804 1.386294960975647 36
1634958918847 1.386294960975647 37
1634958918936 1.386294960975647 38
1634958919018 1.386294960975647 39
