1633096497279 1.0300557801028836 0
1633096635550 0.8735435978452831 1
1633096774637 0.8546729788200069 2
1633096914216 0.8378176565104132 3
1633097052179 0.8329151106745863 4
1633097190370 0.8237486184597524 5
1633097326420 0.8197516012726115 6
1633097462940 0.8190663260991189 7
1633097599444 0.8142148875248725 8
1633097735946 0.8119153743619726 9
1633097873747 0.8081954172479432 10
1633098011124 0.8040949590941503 11
1633098146555 0.800664203652959 12
1633098282002 0.8022363418703272 13
1633098417183 0.7988863637633105 14
1633098552564 0.796536212033625 15
1633098687948 0.7923020216037013 16
1633098823249 0.7906179006351606 17
1633098959298 0.792215604983119 18
1633099094748 0.7918052918246868 19
