1633091739512 1.179507913113658 0
1633091790238 0.9561899326654228 1
1633091842416 0.9028170042638464 2
1633091893839 0.8799152238773562 3
1633091944585 0.8683870261735824 4
1633091995743 0.8552279808859687 5
1633092046071 0.8473386674833145 6
1633092097006 0.8444028782997213 7
1633092147197 0.8377898743847264 8
1633092198944 0.8347556494979492 9
1633092250526 0.8319340824063076 10
1633092303316 0.8311043404591376 11
1633092354016 0.824355395842769 12
1633092407454 0.8235892026248838 13
1633092460814 0.8191026991815679 14
1633092512304 0.8207074489639307 15
1633092563235 0.8180832945549883 16
1633092613583 0.8166255426763088 17
1633092664603 0.8139760667257401 18
1633092714122 0.8125035588489398 19
